%YAML:1.0
---
K: !!opencv-matrix
   rows: 3
   cols: 3
   dt: d
   data: [ 9.6395450922573139e+02, 0., 6.5171087370267048e+02, 0.,
       9.6879053107317679e+02, 3.8735055894140999e+02, 0., 0., 1. ]
D: !!opencv-matrix
   rows: 1
   cols: 5
   dt: d
   data: [ 1.4009758791098040e-02, -2.8030029442258070e-01,
       -4.7256725746035715e-03, 3.8359326393604906e-03,
       4.8082598093845541e-01 ]
